"Ticker","Date","Open","High","Low","Close"
"EXC","9-19-16",33.88,34.21,33.88,34.16
"EXC","9-20-16",34.25,34.42,33.84,33.91
"EXC","9-21-16",34.06,34.86,34.01,34.85
"EXC","9-22-16",34.97,35.27,34.84,35.22
"EXC","9-23-16",35.17,35.22,34.77,34.8
"EXC","9-26-16",34.78,34.96,34.61,34.82
"EXC","9-27-16",34.83,34.97,34.12,34.18
"EXC","9-28-16",34.24,34.33,33.67,34.01
"EXC","9-29-16",33.92,33.92,33.1922,33.29
"EXC","9-30-16",33.49,33.65,33.01,33.29
"EXC","10-3-16",33.25,33.25,32.57,32.77
"EXC","10-4-16",32.7,32.71,31.68,31.86
"EXC","10-5-16",31.93,32.34,31.75,32.13
"EXC","10-6-16",32.02,32.21,31.77,32.06
"EXC","10-7-16",32.33,32.6295,32.17,32.18
"EXC","10-10-16",32.39,32.58,32.205,32.5
"EXC","10-11-16",32.42,32.55,32.1,32.15
"EXC","10-12-16",32.21,32.55,32.14,32.51
"EXC","10-13-16",32.47,33.25,32.43,32.85
"EXC","10-14-16",32.83,33.19,32.68,32.7
"EXC","10-17-16",32.8,33.01,32.7,32.75
"EXC","10-18-16",33.05,33.27,32.55,33.09
"EXC","10-19-16",33.01,33.1,32.74,32.88
"EXC","10-20-16",32.94,33.02,32.655,32.84
"EXC","10-21-16",32.64,32.85,32.391,32.5
"EXC","10-24-16",32.62,32.75,32.295,32.65
"EXC","10-25-16",32.5,32.98,32.44,32.9
"EXC","10-26-16",33,33.485,32.67,33.26
"EXC","10-27-16",33.36,33.55,32.75,33.27
"EXC","10-28-16",33.29,33.45,33.01,33.23
"EXC","10-31-16",33.34,34.13,33.34,34.07
"EXC","11-1-16",34.02,34.06,33.11,33.26
"EXC","11-2-16",33.16,33.19,32.41,32.7
"EXC","11-3-16",32.67,32.975,32.51,32.78
"EXC","11-4-16",32.89,33.14,32.66,32.69
"EXC","11-7-16",32.98,33.43,32.77,33.42
"EXC","11-8-16",33.29,33.82,32.39,33.66
"EXC","11-9-16",32.96,32.96,32.01,32.07
"EXC","11-10-16",31.65,31.66,29.9599,30.19
"EXC","11-11-16",30.25,30.61,29.82,30
"EXC","11-14-16",29.9,30.91,29.835,30.77
"EXC","11-15-16",30.93,32.16,30.93,32.07
"EXC","11-16-16",32.11,32.18,31.165,31.6
"EXC","11-17-16",31.43,31.8,31.43,31.49
"EXC","11-18-16",31.82,32.205,31.555,31.73
"EXC","11-21-16",31.86,32.48,31.86,32.48
"EXC","11-22-16",32.43,32.81,32.17,32.46
"EXC","11-23-16",32.05,32.43,32,32.31
"EXC","11-25-16",32.42,32.87,32.39,32.58
"EXC","11-28-16",32.74,33.66,32.71,33.39
"EXC","11-29-16",33.25,33.73,33.24,33.66
"EXC","11-30-16",33.13,33.26,32.51,32.51
"EXC","12-1-16",32.32,32.67,31.77,32.17
"EXC","12-2-16",32.72,33.41,32.67,33.01
"EXC","12-5-16",33,33.385,32.74,33.32
"EXC","12-6-16",33.59,33.64,32.97,33.05
"EXC","12-7-16",33.25,33.66,33.25,33.53
"EXC","12-8-16",33.27,34.2,33.08,34.2
"EXC","12-9-16",34.14,34.99,34.14,34.9
"EXC","12-12-16",34.66,35,34.34,34.51
"EXC","12-13-16",34.66,35.48,34.615,35.46
"EXC","12-14-16",35.6,36.335,34.93,35.09
"EXC","12-15-16",34.89,35.94,34.76,35.73
"EXC","12-16-16",35.76,36.36,35.52,35.72
"EXC","12-19-16",35.86,35.92,35.18,35.75
"EXC","12-20-16",35.67,35.88,35.38,35.46
"EXC","12-21-16",35.51,35.72,35.09,35.14
"EXC","12-22-16",35.3,35.69,35.19,35.31
"EXC","12-23-16",35.4,35.49,35.09,35.3
"EXC","12-27-16",35.24,35.57,35.125,35.4
"EXC","12-28-16",35.46,35.52,35.12,35.2
"EXC","12-29-16",35.33,35.88,35.28,35.72
"EXC","12-30-16",35.75,35.81,35.37,35.49
"EXC","1-3-17",35.67,35.69,34.91,35.19
"EXC","1-4-17",35.34,35.78,35.26,35.49
"EXC","1-5-17",35.5,35.65,35.26,35.5
"EXC","1-6-17",35.39,36.21,35.32,36.08
"EXC","1-9-17",36.09,36.17,35.25,35.27
"EXC","1-10-17",35.42,35.49,35.01,35.06
"EXC","1-11-17",35.2,35.46,35.12,35.39
"EXC","1-12-17",35.42,35.49,35.22,35.44
"EXC","1-13-17",35.39,35.64,35.235,35.44
"EXC","1-17-17",35.55,36.05,35.52,35.88
"EXC","1-18-17",35.8,35.99,35.6,35.71
"EXC","1-19-17",35.61,36.05,35.42,35.74
"EXC","1-20-17",35.78,35.89,35.55,35.8
"EXC","1-23-17",35.85,35.88,35.24,35.3
"EXC","1-24-17",35.27,35.405,35.1,35.13
"EXC","1-25-17",35.34,35.45,35.18,35.35
"EXC","1-26-17",35.4,35.67,35.15,35.29
"EXC","1-27-17",35.44,35.53,35.02,35.08
"EXC","1-30-17",35.14,35.15,34.8,35.04
"EXC","1-31-17",35.04,35.88,34.99,35.88
"EXC","2-1-17",35.66,35.81,35.04,35.45
"EXC","2-2-17",35.44,35.9,35.3601,35.82
"EXC","2-3-17",35.78,35.91,35.66,35.78
"EXC","2-6-17",35.89,36,35.66,35.81
"EXC","2-7-17",35.84,36.07,35.76,36.01
"EXC","2-8-17",35.27,36.3,34.97,35.23
"EXC","2-9-17",35.15,35.18,34.47,34.85
"EXC","2-10-17",34.75,35.07,34.7,35.02
"EXC","2-13-17",34.77,35.22,34.77,35.1
"EXC","2-14-17",35.44,35.51,34.91,35.36
"EXC","2-15-17",35.05,35.24,34.85,35.22
"EXC","2-16-17",35.22,35.44,35.13,35.42
"EXC","2-17-17",35.46,35.62,35.09,35.58
"EXC","2-21-17",35.39,36.02,35.25,35.92
"EXC","2-22-17",35.85,35.92,35.39,35.69
"EXC","2-23-17",35.83,36.18,35.73,35.98
"EXC","2-24-17",36.15,37.19,35.95,37.18
"EXC","2-27-17",37.09,37.1,36.395,36.57
"EXC","2-28-17",36.47,36.87,36.45,36.71
"EXC","3-1-17",36.32,36.47,36.01,36.07
"EXC","3-2-17",35.99,36.63,35.86,36.42
"EXC","3-3-17",36.41,36.41,35.9121,36.32
"EXC","3-6-17",36.2,36.295,35.98,36.07
"EXC","3-7-17",36.19,36.36,36.02,36.13
"EXC","3-8-17",35.81,35.91,35.51,35.72
"EXC","3-9-17",35.7,35.98,35.65,35.78
"EXC","3-10-17",35.95,36.1499,35.72,35.97
"EXC","3-13-17",35.97,36.07,35.795,35.94
"EXC","3-14-17",35.87,35.87,35.56,35.64
"EXC","3-15-17",35.79,36.53,35.7,36.28
"EXC","3-16-17",36.06,36.23,35.89,35.98
"EXC","3-17-17",36.065,36.22,35.93,36.01
"EXC","3-20-17",36.11,36.11,35.44,35.57
"EXC","3-21-17",35.49,36.14,35.38,35.96
"EXC","3-22-17",36.1,36.42,36.1,36.3
"EXC","3-23-17",36.2,36.4439,35.92,35.96
"EXC","3-24-17",35.88,36.4,35.87,36.12
"EXC","3-27-17",36.26,36.32,35.66,35.84
"EXC","3-28-17",35.52,35.69,35.37,35.67
"EXC","3-29-17",35.7,36.12,35.3,35.93
"EXC","3-30-17",35.79,35.91,35.49,35.7
"EXC","3-31-17",35.75,36.43,35.65,35.98
"EXC","4-3-17",35.95,35.98,35.53,35.82
"EXC","4-4-17",35.8,36.38,35.72,36.14
"EXC","4-5-17",35.88,36.16,35.76,36.06
"EXC","4-6-17",36,36.335,35.74,36.27
"EXC","4-7-17",36.31,36.47,35.93,35.97
"EXC","4-10-17",36,36,35.69,35.81
"EXC","4-11-17",35.75,36.305,35.57,36.14
"EXC","4-12-17",35.97,36.26,35.76,36.19
"EXC","4-13-17",36.14,36.19,35.82,35.97
"EXC","4-17-17",35.98,36.12,35.84,35.9
"EXC","4-18-17",35.91,36.06,35.715,35.78
"EXC","4-19-17",35.79,35.87,35.36,35.46
"EXC","4-20-17",35.38,35.4,34.83,35.05
"EXC","4-21-17",35.05,35.34,35.01,35.03
"EXC","4-24-17",35.2,35.62,34.97,35.5
"EXC","4-25-17",35.34,35.515,34.84,35.08
"EXC","4-26-17",35.04,35.43,34.9,34.9
"EXC","4-27-17",34.92,35.175,34.8,34.84
"EXC","4-28-17",34.84,34.88,34.53,34.63
"EXC","5-1-17",34.65,34.7,34.21,34.33
"EXC","5-2-17",34.39,34.53,34.12,34.46
"EXC","5-3-17",34.59,34.59,33.68,33.98
"EXC","5-4-17",33.95,34.3,33.88,34.05
"EXC","5-5-17",34.18,34.54,34.16,34.34
"EXC","5-8-17",34.38,34.48,34.17,34.26
"EXC","5-9-17",34.19,34.2,33.57,33.59
"EXC","5-10-17",33.67,33.79,33.45,33.76
"EXC","5-11-17",33.46,33.63,33.3,33.5
"EXC","5-12-17",33.65,34.25,33.5,34.13
"EXC","5-15-17",34.36,34.83,34.34,34.7
"EXC","5-16-17",34.61,34.71,34.28,34.51
"EXC","5-17-17",34.45,34.955,34.43,34.85
"EXC","5-18-17",34.96,35.33,34.52,35.08
"EXC","5-19-17",35.16,35.16,34.78,35.06
"EXC","5-22-17",34.91,35.64,34.91,35.53
"EXC","5-23-17",35.52,35.59,35.29,35.37
"EXC","5-24-17",35.45,35.83,35.34,35.81
"EXC","5-25-17",35.93,36.08,35.7,36.03
"EXC","5-26-17",36.01,36.08,35.73,35.82
"EXC","5-30-17",35.72,36.2,35.66,36.06
"EXC","5-31-17",36.08,36.45,35.98,36.31
"EXC","6-1-17",36.25,36.74,36.1,36.73
"EXC","6-2-17",36.8,36.83,36.42,36.6
"EXC","6-5-17",36.56,36.74,36.38,36.63
"EXC","6-6-17",36.75,36.86,36.54,36.69
"EXC","6-7-17",36.68,36.85,36.55,36.61
"EXC","6-8-17",36.6,36.61,36.245,36.4
"EXC","6-9-17",36.4,36.68,36.32,36.62
"EXC","6-12-17",36.66,36.87,36.3922,36.48
"EXC","6-13-17",36.48,36.6,36.37,36.55
"EXC","6-14-17",36.79,36.9,36.591,36.69
"EXC","6-15-17",36.67,36.86,36.51,36.82
"EXC","6-16-17",36.88,37.12,36.865,37.08
"EXC","6-19-17",37.14,37.15,36.653,36.84
"EXC","6-20-17",36.81,37.13,36.69,36.89
"EXC","6-21-17",36.95,37.13,36.5,36.67
"EXC","6-22-17",36.61,37.08,36.61,36.66
"EXC","6-23-17",36.66,36.79,36.45,36.5
"EXC","6-26-17",36.66,37.44,36.58,37.21
"EXC","6-27-17",36.96,37.12,36.58,36.76
"EXC","6-28-17",36.87,36.92,36.13,36.19
"EXC","6-29-17",35.99,36.23,35.8,35.84
"EXC","6-30-17",35.92,36.28,35.83,36.07
"EXC","7-3-17",36.2,36.25,35.59,35.84
"EXC","7-5-17",35.84,35.97,35.38,35.52
"EXC","7-6-17",35.44,35.73,35.37,35.68
"EXC","7-7-17",35.7,35.9,35.5,35.58
"EXC","7-10-17",35.59,36.01,35.59,35.76
"EXC","7-11-17",35.82,35.85,35.51,35.72
"EXC","7-12-17",36.01,36.21,35.9401,36.07
"EXC","7-13-17",35.97,36.02,35.66,35.72
"EXC","7-14-17",35.96,36.274,35.94,36.06
"EXC","7-17-17",36.49,37.06,36.45,37.03
"EXC","7-18-17",37.05,37.19,36.9101,37.16
"EXC","7-19-17",37.25,37.41,37.06,37.39
"EXC","7-20-17",37.45,37.69,37.31,37.6
"EXC","7-21-17",37.56,37.76,37.32,37.48
"EXC","7-24-17",37.48,37.49,37.11,37.2
"EXC","7-25-17",37.27,37.35,36.93,37.02
"EXC","7-26-17",37.02,37.71,36.953,37.68
"EXC","7-27-17",37.73,38.04,37.54,37.99
"EXC","7-28-17",37.97,38.44,37.88,38.4
"EXC","7-31-17",38.39,38.5,38.24,38.34
"EXC","8-1-17",38.48,38.78,38.415,38.55
"EXC","8-2-17",38.19,38.62,37.72,38.42
"EXC","8-3-17",38.38,38.47,38.185,38.44
"EXC","8-4-17",38.22,38.37,37.96,38.17
"EXC","8-7-17",38.15,38.27,38.05,38.22
"EXC","8-8-17",38.13,38.375,38.03,38.21
"EXC","8-9-17",38.42,38.48,37.7,37.7
"EXC","8-10-17",37.71,37.92,37.555,37.74
"EXC","8-11-17",37.5,37.57,37.25,37.5
"EXC","8-14-17",37.56,37.63,37.41,37.6
"EXC","8-15-17",37.4,37.95,37.4,37.84
"EXC","8-16-17",37.84,38.14,37.785,38.13
"EXC","8-17-17",38.06,38.185,37.59,37.6
"EXC","8-18-17",37.57,38.185,37.48,37.99
"EXC","8-21-17",38.06,38.14,37.84,37.96
"EXC","8-22-17",37.99,38.27,37.96,38.23
"EXC","8-23-17",38.2,38.39,38.0691,38.32
"EXC","8-24-17",38.31,38.51,38.13,38.34
"EXC","8-25-17",38.49,38.59,38.29,38.3
"EXC","8-28-17",38.37,38.42,37.98,38.27
"EXC","8-29-17",38.29,38.44,38.155,38.22
"EXC","8-30-17",38.22,38.22,37.795,37.84
"EXC","8-31-17",38,38.14,37.82,37.87
"EXC","9-1-17",37.95,37.96,37.42,37.54
"EXC","9-5-17",37.59,37.68,37.44,37.6
"EXC","9-6-17",37.76,37.82,37.48,37.55
"EXC","9-7-17",37.65,38.1,37.575,38.03
"EXC","9-8-17",37.97,38.29,37.901,38.17
"EXC","9-11-17",38.14,38.5,38.04,38.47
"EXC","9-12-17",38.35,38.45,37.54,37.88
"EXC","9-13-17",37.91,38.12,37.78,37.8
"EXC","9-14-17",37.69,38.14,37.59,38.1
"EXC","9-15-17",38.12,38.4,37.49,37.61
"EXC","9-18-17",37.59,37.87,37.08,37.4
"EXC","9-19-17",37.4,37.55,37.03,37.28
"EXC","9-20-17",37.38,37.38,36.63,36.91
"EXC","9-21-17",36.9,37.41,36.86,37.15
"EXC","9-22-17",37.25,37.32,36.93,37.12
"EXC","9-25-17",37.14,37.66,37.02,37.6
"EXC","9-26-17",37.52,37.52,37.155,37.17
"EXC","9-27-17",37,37.285,36.88,37.15
"EXC","9-28-17",37,37.61,36.83,37.4
"EXC","9-29-17",37.48,37.96,37.44,37.67
"EXC","10-2-17",37.81,38.39,37.65,38.14
"EXC","10-3-17",38.12,38.14,37.55,37.84
"EXC","10-4-17",37.85,38.21,37.69,38.19
"EXC","10-5-17",38.2,38.385,37.99,38.35
"EXC","10-6-17",38.12,38.25,37.93,38.15
"EXC","10-9-17",38.16,38.32,37.975,38.04
"EXC","10-10-17",38.17,38.41,38.01,38.3
"EXC","10-11-17",37.93,38.5,37.93,38.46
"EXC","10-12-17",38.4,38.95,38.25,38.94
"EXC","10-13-17",39,39.43,38.92,39.24
"EXC","10-16-17",39.15,39.74,38.98,39.67
"EXC","10-17-17",39.56,39.72,39.22,39.6
"EXC","10-18-17",39.58,39.68,39.35,39.62
"EXC","10-19-17",39.6,39.88,39.44,39.77
"EXC","10-20-17",39.75,39.81,39.34,39.58
"EXC","10-23-17",39.59,39.82,39.385,39.74
"EXC","10-24-17",39.74,40,39.6,39.96
"EXC","10-25-17",39.87,40.18,39.31,40.07
"EXC","10-26-17",40.25,40.34,39.87,39.88
"EXC","10-27-17",39.81,40.325,39.74,40.25
"EXC","10-30-17",40.07,40.27,39.94,40.24
"EXC","10-31-17",40.22,40.38,40.1,40.21
"EXC","11-1-17",40.32,40.36,39.98,40.15
"EXC","11-2-17",40.1,40.81,39.47,40.72
"EXC","11-3-17",40.75,41.56,40.56,40.94
"EXC","11-6-17",40.97,41.14,40.62,40.69
"EXC","11-7-17",40.73,41.49,40.66,41.27
"EXC","11-8-17",41.29,41.47,40.84,41.32
"EXC","11-9-17",41.21,41.54,41.03,41.14
"EXC","11-10-17",40.86,41.43,40.86,41.3
"EXC","11-13-17",41.38,42.18,41.3,42.09
"EXC","11-14-17",41.75,42.455,41.59,42.39
"EXC","11-15-17",42.46,42.67,41.68,41.77
"EXC","11-16-17",41.6,41.65,41.11,41.24
"EXC","11-17-17",41.19,41.36,41.06,41.26
"EXC","11-20-17",41.32,41.64,41.21,41.35
"EXC","11-21-17",41.46,41.665,41.34,41.39
"EXC","11-22-17",41.44,41.55,41.21,41.5
"EXC","11-24-17",41.5,41.745,41.47,41.63
"EXC","11-27-17",41.7,41.82,41.46,41.65
"EXC","11-28-17",41.78,42.11,41.74,41.96
"EXC","11-29-17",41.83,41.9086,41.485,41.69
"EXC","11-30-17",41.75,41.96,41.431,41.71
"EXC","12-1-17",41.89,42.09,41.26,41.83
"EXC","12-4-17",41.89,42,41.42,41.56
"EXC","12-5-17",41.58,41.71,40.95,41.25
"EXC","12-6-17",41.48,41.65,40.781,41.12
"EXC","12-7-17",41.14,41.17,39.55,40.81
"EXC","12-8-17",40.62,41.07,40.37,41.05
"EXC","12-11-17",41.09,41.95,41.09,41.92
"EXC","12-12-17",41.78,41.89,40.96,41.01
"EXC","12-13-17",41,41.49,40.86,41.13
"EXC","12-14-17",40.98,41.26,40.61,40.81
"EXC","12-15-17",40.86,41.015,40.68,40.74
"EXC","12-18-17",40.89,41.08,40.39,40.48
"EXC","12-19-17",40.58,40.74,39.61,39.62
"EXC","12-20-17",39.58,39.72,38.97,39.04
"EXC","12-21-17",38.87,39.36,38.76,39.07
"EXC","12-22-17",39.19,39.22,38.97,39.01
"EXC","12-26-17",39.12,39.23,38.78,38.81
"EXC","12-27-17",38.97,39.02,38.77,38.99
"EXC","12-28-17",38.93,39.325,38.93,39.3
"EXC","12-29-17",39.44,39.5,39.25,39.41
"EXC","1-2-18",39.54,39.69,39.26,39.59
"EXC","1-3-18",39.37,39.88,38.77,39.06
"EXC","1-4-18",38.97,39.14,38.49,38.51
"EXC","1-5-18",38.72,38.83,38.065,38.19
"EXC","1-8-18",38.28,38.87,38.23,38.6
"EXC","1-9-18",38.55,38.67,37.74,38.16
"EXC","1-10-18",38.02,38.3352,37.82,37.95
"EXC","1-11-18",38.22,38.74,38.05,38.41
"EXC","1-12-18",38.33,38.59,38.01,38.39
"EXC","1-16-18",38.47,38.82,38.1,38.47
"EXC","1-17-18",38.59,39.2,38.55,39.09
"EXC","1-18-18",39,39.08,38.17,38.59
"EXC","1-19-18",38.75,38.8,37.9,37.97
"EXC","1-22-18",38.22,38.63,37.925,38.05
"EXC","1-23-18",38.42,38.94,38.32,38.53
"EXC","1-24-18",38.47,38.52,38.12,38.21
"EXC","1-25-18",38.34,38.77,38.2545,38.68
"EXC","1-26-18",38.85,38.95,38.44,38.86
"EXC","1-29-18",38.71,38.71,38.16,38.33
"EXC","1-30-18",38.33,38.62,38.09,38.29
"EXC","1-31-18",38.3,38.59,38.1,38.51
"EXC","2-1-18",38.53,38.71,37.765,37.84
"EXC","2-2-18",37.75,38.15,37.64,37.72
"EXC","2-5-18",37.72,38.07,36.8343,36.92
"EXC","2-6-18",36.51,36.82,35.57,36.47
"EXC","2-7-18",36.47,37.69,36.09,36.15
"EXC","2-8-18",36.16,36.85,35.95,35.98
"EXC","2-9-18",36.15,37.1,35.87,36.86
"EXC","2-12-18",36.9,37.33,36.555,37.17
"EXC","2-13-18",37.04,37.18,36.42,37.01
"EXC","2-14-18",36.57,37.06,36.22,36.6
"EXC","2-15-18",36.72,37.51,36.62,37.5
"EXC","2-16-18",37.6,37.98,37.43,37.78
"EXC","2-20-18",37.73,38.1,37.47,37.68
"EXC","2-21-18",37.68,37.76,37.02,37.06
"EXC","2-22-18",37.18,37.52,36.93,37.24
"EXC","2-23-18",37.36,38.28,37.18,38.24
"EXC","2-26-18",38.29,38.4,37.86,38.03
"EXC","2-27-18",38.03,38.485,37.24,37.24
"EXC","2-28-18",37.3,37.66,37.04,37.04
"EXC","3-1-18",37.18,37.55,36.65,36.94
"EXC","3-2-18",36.97,37.14,36.5,36.92
"EXC","3-5-18",36.85,37.75,36.67,37.68
"EXC","3-6-18",37.69,37.73,37.02,37.17
"EXC","3-7-18",37.05,37.2,36.57,36.82
"EXC","3-8-18",36.86,37.52,36.74,37.45
"EXC","3-9-18",37.49,37.57,37.005,37.5
"EXC","3-12-18",37.55,37.65,37.22,37.53
"EXC","3-13-18",37.67,38.03,37.205,37.44
"EXC","3-14-18",37.51,38.08,37.51,37.83
"EXC","3-15-18",37.83,38.21,37.695,37.87
"EXC","3-16-18",37.96,38.54,37.895,38.38
"EXC","3-19-18",38.43,38.565,37.91,38.22
"EXC","3-20-18",38.29,38.59,38.145,38.31
"EXC","3-21-18",38.36,38.73,37.95,38.07
"EXC","3-22-18",38.1,39.08,38.1,38.37
"EXC","3-23-18",38.42,38.58,37.63,37.71
"EXC","3-26-18",37.9,38.16,37.75,38.1
"EXC","3-27-18",38.14,38.85,37.99,38.47
"EXC","3-28-18",38.58,38.97,38.46,38.54
"EXC","3-29-18",38.81,39.32,38.76,39.01
"EXC","4-2-18",39.1,39.1601,37.97,38.26
"EXC","4-3-18",38.25,38.93,38.18,38.75
"EXC","4-4-18",38.66,38.8,38.25,38.78
"EXC","4-5-18",38.8,39.12,38.41,39
"EXC","4-6-18",38.98,39.09,38.4456,38.63
"EXC","4-9-18",38.71,38.89,38.49,38.59
"EXC","4-10-18",38.58,38.85,38.41,38.67
"EXC","4-11-18",38.65,38.65,38.39,38.48
"EXC","4-12-18",38.12,38.535,37.4532,37.76
"EXC","4-13-18",38.06,38.72,38.0312,38.34
"EXC","4-16-18",38.52,38.6851,38.27,38.59
"EXC","4-17-18",38.7,39.16,38.62,39.07
"EXC","4-18-18",39.18,39.54,38.94,38.94
"EXC","4-19-18",38.9,39.03,38.58,38.96
"EXC","4-20-18",38.99,39,38.4,38.6
"EXC","4-23-18",38.72,39.06,38.485,38.66
"EXC","4-24-18",38.84,39.62,38.74,39.18
"EXC","4-25-18",39.01,39.19,38.7,39.16
"EXC","4-26-18",39.22,39.65,39.15,39.51
"EXC","4-27-18",39.42,39.96,39.41,39.85
"EXC","4-30-18",39.92,39.99,39.61,39.68
"EXC","5-1-18",40,40.43,39.88,40.15
"EXC","5-2-18",40.38,40.59,39.92,40.38
"EXC","5-3-18",40.3,41.185,40.04,40.85
"EXC","5-4-18",40.9,41.205,40.88,41.08
"EXC","5-7-18",41.13,41.56,41.1,41.3
"EXC","5-8-18",41.17,41.19,40.57,40.74
"EXC","5-9-18",40.71,40.79,39.91,39.97
"EXC","5-10-18",40.3,40.62,40.16,40.6
"EXC","5-11-18",40.55,40.76,40.345,40.64
"EXC","5-14-18",40.45,40.55,40.08,40.34
"EXC","5-15-18",40.08,40.31,39.87,40.21
"EXC","5-16-18",40.11,40.27,39.58,39.79
"EXC","5-17-18",39.84,40,39.25,39.35
"EXC","5-18-18",39.42,39.665,39.105,39.44
"EXC","5-21-18",39.54,39.71,39.11,39.64
"EXC","5-22-18",39.63,40.115,39.62,39.87
"EXC","5-23-18",39.95,40.35,39.9,40.3
"EXC","5-24-18",40.18,40.55,39.935,40.53
"EXC","5-25-18",40.49,40.885,40.42,40.67
"EXC","5-29-18",40.49,40.89,40.33,40.71
"EXC","5-30-18",40.68,41.39,40.45,41.22
"EXC","5-31-18",41.17,41.715,40.9099,41.39
"EXC","6-1-18",41.39,41.4,40.41,40.99
"EXC","6-4-18",41.09,41.34,40.42,40.54
"EXC","6-5-18",40.7,40.75,40.23,40.43
"EXC","6-6-18",40.65,40.65,39.65,39.71
"EXC","6-7-18",39.74,40.53,39.625,40.14
"EXC","6-8-18",40.08,40.31,39.74,40
"EXC","6-11-18",40,40.22,39.725,39.93
"EXC","6-12-18",39.93,40.56,39.91,40.49
"EXC","6-13-18",40.61,41.125,40.36,40.52
"EXC","6-14-18",40.52,41.115,40.4,41.07
"EXC","6-15-18",40.97,41.57,40.58,41.49
"EXC","6-18-18",41.43,41.84,41.43,41.72
"EXC","6-19-18",41.75,42.14,41.245,41.61
"EXC","6-20-18",41.7,41.94,41.405,41.8
"EXC","6-21-18",41.71,41.9142,41.19,41.43
"EXC","6-22-18",41.59,41.73,41.35,41.5
"EXC","6-25-18",41.59,42.105,41.49,41.85
"EXC","6-26-18",41.95,42.215,41.8,42.03
"EXC","6-27-18",42.03,42.345,41.9,42.2
"EXC","6-28-18",42.33,42.61,42.11,42.28
"EXC","6-29-18",42.34,42.715,42.03,42.6
"EXC","7-2-18",42.67,42.92,42.35,42.9
"EXC","7-3-18",42.89,43.085,42.58,42.81
"EXC","7-5-18",42.9,42.985,42.64,42.92
"EXC","7-6-18",42.91,43.185,42.781,43.09
"EXC","7-9-18",43.16,43.1997,41.68,41.85
"EXC","7-10-18",41.5,42.37,41.46,42.17
"EXC","7-11-18",42.28,42.595,41.2,42.45
"EXC","7-12-18",42.49,42.6,41.96,42.35
"EXC","7-13-18",42.47,42.53,42.04,42.39
"EXC","7-16-18",42.28,42.4,41.96,42.15
"EXC","7-17-18",42.2,42.33,41.89,41.92
"EXC","7-18-18",41.96,42.02,41.595,41.92
"EXC","7-19-18",42,42.47,41.995,42.24
"EXC","7-20-18",42.05,42.25,41.77,42.05
"EXC","7-23-18",42.17,42.18,41.46,41.61
"EXC","7-24-18",41.5,41.71,40.97,41.65
"EXC","7-25-18",41.62,42.24,41.6,41.88
"EXC","7-26-18",42.09,42.29,41.94,42.27
"EXC","7-27-18",42.3,42.58,42.03,42.2
"EXC","7-30-18",42.16,42.2561,41.65,41.8
"EXC","7-31-18",41.96,42.52,41.73,42.5
"EXC","8-1-18",42.18,42.21,41.72,42
"EXC","8-2-18",42.16,42.88,41.96,42.29
"EXC","8-3-18",42.36,42.645,42.14,42.49
"EXC","8-6-18",42.44,42.78,42.37,42.61
"EXC","8-7-18",42.66,42.96,42.25,42.77
"EXC","8-8-18",42.7,42.92,42.5,42.85
"EXC","8-9-18",42.87,43.43,42.75,43.37
"EXC","8-10-18",43.47,43.74,43.06,43.13
"EXC","8-13-18",43.17,43.37,43.01,43.31
"EXC","8-14-18",43.06,43.52,43.0001,43.35
"EXC","8-15-18",43.44,43.97,43.38,43.63
"EXC","8-16-18",43.62,44.44,43.57,44.33
"EXC","8-17-18",44.3,45.05,44.24,44.53
"EXC","8-20-18",44.29,44.49,44.09,44.26
"EXC","8-21-18",44.32,44.3609,43.82,44.09
"EXC","8-22-18",44.2,44.2,43.63,43.93
"EXC","8-23-18",43.92,44.23,43.78,43.9
"EXC","8-24-18",43.92,44.08,43.605,44.03
"EXC","8-27-18",44.12,44.18,43.415,43.65
"EXC","8-28-18",43.52,43.6,43.27,43.4
"EXC","8-29-18",43.84,43.94,43.58,43.82
"EXC","8-30-18",43.89,44.1286,43.75,43.94
"EXC","8-31-18",43.93,44.05,43.45,43.71
"EXC","9-4-18",44.09,44.13,43.85,43.99
"EXC","9-5-18",44.04,44.38,43.99,44.2
"EXC","9-6-18",44.45,44.58,44.18,44.36
"EXC","9-7-18",44.11,44.44,43.86,44.07
"EXC","9-10-18",44.27,44.85,44.17,44.62
"EXC","9-11-18",44.29,44.48,43.97,44.2
"EXC","9-12-18",44.25,44.46,44.06,44.12
"EXC","9-13-18",44.11,44.45,43.86,44.44
"EXC","9-14-18",44.34,44.36,43.84,44.08
"EXC","9-17-18",44.38,44.55,44.17,44.47
"EXC","9-18-18",44.34,44.48,44.025,44.2
"EXC","9-19-18",44.27,44.28,42.9499,43.24
"EXC","9-20-18",43.17,43.56,42.92,43.39
"EXC","9-21-18",43.3,43.86,43.125,43.65
"EXC","9-24-18",43.59,43.7,43.165,43.2
"EXC","9-25-18",43.29,43.29,42.44,42.58
"EXC","9-26-18",42.69,42.84,42.19,42.2
"EXC","9-27-18",42.24,42.95,42.2,42.81
"EXC","9-28-18",42.93,43.72,42.84,43.66
"EXC","10-1-18",43.46,43.54,43.2,43.41
"EXC","10-2-18",43.55,44.205,43.4966,44.01
"EXC","10-3-18",43.95,44.07,42.73,43.1
"EXC","10-4-18",43.02,43.325,42.56,43.24
"EXC","10-5-18",43.24,43.96,43.14,43.81
"EXC","10-8-18",43.97,44.21,43.48,44.01
"EXC","10-9-18",43.86,44.3601,43.63,44.02
"EXC","10-10-18",43.92,44.49,43.55,43.56
"EXC","10-11-18",43.69,43.78,42.5,42.73
"EXC","10-12-18",42.82,43.11,42.44,42.91
"EXC","10-15-18",42.96,43.55,42.83,43.03
"EXC","10-16-18",43.01,43.625,42.89,43.46
"EXC","10-17-18",43.46,43.56,42.83,42.99
"EXC","10-18-18",43.01,43.31,42.8,43.08
"EXC","10-19-18",43.23,44.39,43.15,44.13
"EXC","10-22-18",43.73,43.98,43.4,43.5
"EXC","10-23-18",43.57,43.805,43.2,43.53
"EXC","10-24-18",43.87,44.865,43.59,44.52
"EXC","10-25-18",44.21,44.24,43.5,43.85
"EXC","10-26-18",44.03,44.21,43.24,43.62
"EXC","10-29-18",43.56,44.28,43.56,44.08
"EXC","10-30-18",44.79,44.79,43.93,44.38
"EXC","10-31-18",44.23,44.23,43.53,43.81
"EXC","11-1-18",43.94,44.35,43.32,43.65
"EXC","11-2-18",43.84,44,43.02,43.4
"EXC","11-5-18",43.83,44.51,43.56,44.18
"EXC","11-6-18",44.22,44.36,43.69,44.31
"EXC","11-7-18",44.52,44.81,44.14,44.67
"EXC","11-8-18",44.78,44.79,44.19,44.75
"EXC","11-9-18",44.83,45.295,44.61,45.04
"EXC","11-12-18",44.83,46.2,44.78,45.72
"EXC","11-13-18",45.83,46.05,45.49,45.91
"EXC","11-14-18",45.39,45.64,45.0434,45.22
"EXC","11-15-18",44.91,45.725,44.56,45.55
"EXC","11-16-18",46.17,46.2,45.58,45.88
"EXC","11-19-18",45.92,46.18,45.8,46.1
"EXC","11-20-18",46.25,46.32,45.29,45.44
"EXC","11-21-18",45.29,45.48,44.77,44.95
"EXC","11-23-18",45,45.03,44.53,44.85
"EXC","11-26-18",44.94,45.28,44.66,45.2
"EXC","11-27-18",45.21,45.705,45.07,45.53
"EXC","11-28-18",45.66,45.91,45.18,45.82
"EXC","11-29-18",45.85,45.86,45.07,45.67
"EXC","11-30-18",45.81,46.45,45.63,46.39
"EXC","12-3-18",46.35,46.49,46.015,46.48
"EXC","12-4-18",46.71,47.37,46.52,46.95
"EXC","12-6-18",46.95,47.4,46.09,46.9
"EXC","12-7-18",46.87,47.3,46.28,46.96
"EXC","12-10-18",46.8,47.15,46,47
"EXC","12-11-18",47.08,47.17,46.655,46.89
"EXC","12-12-18",47.01,47.35,46.82,46.89
"EXC","12-13-18",46.88,47.27,46.79,46.95
"EXC","12-14-18",46.98,47.21,46.77,47.06
"EXC","12-17-18",47.09,47.23,45.47,45.61
"EXC","12-18-18",45.87,46.48,45.585,45.8
"EXC","12-19-18",45.88,46.48,45.48,45.72
"EXC","12-20-18",45.82,46.525,45.25,45.81
"EXC","12-21-18",45.8,47.02,45.68,45.89
"EXC","12-24-18",45.88,46.23,43.65,43.83
"EXC","12-26-18",43.85,44.52,43.1,44.48
"EXC","12-27-18",44.25,44.8,43.5,44.78
"EXC","12-28-18",44.88,45.3,44.61,44.74
"EXC","12-31-18",44.78,45.1,44.45,45.1
"EXC","1-2-19",44.78,45,43.85,44.07
"EXC","1-3-19",44.18,44.57,43.88,44.12
"EXC","1-4-19",43.59,44.63,43.51,44.62
"EXC","1-7-19",44.32,44.965,44.18,44.7
"EXC","1-8-19",44.72,45.43,44.53,45.39
"EXC","1-9-19",45.19,45.46,44.83,45.02
"EXC","1-10-19",45.15,45.84,44.91,45.79
"EXC","1-11-19",45.74,46.04,45.49,45.79
"EXC","1-14-19",45.34,45.45,44.545,45.04
"EXC","1-15-19",44.93,46,44.93,45.79
"EXC","1-16-19",45.52,45.83,45.29,45.8
"EXC","1-17-19",45.83,46.09,45.6,46.02
"EXC","1-18-19",46.1,46.39,45.9,46.08
"EXC","1-22-19",46.02,46.6,45.78,46.25
"EXC","1-23-19",46.3,46.89,46.26,46.87
"EXC","1-24-19",47,47.06,46.5,46.96
"EXC","1-25-19",46.78,47.03,46.24,46.43
"EXC","1-28-19",46.47,46.57,45.805,46.15
"EXC","1-29-19",46.3,46.51,46.04,46.2
"EXC","1-30-19",46.12,46.9,46.11,46.65
"EXC","1-31-19",46.6,47.93,46.46,47.76
"EXC","2-1-19",47.67,47.77,47.12,47.46
"EXC","2-4-19",47.21,47.34,46.8,47.34
"EXC","2-5-19",47.26,47.5,47.03,47.29
"EXC","2-6-19",47.12,47.54,46.99,47.32
"EXC","2-7-19",47.36,48.165,47.17,48.13
"EXC","2-8-19",46.1639,47.81,46.03,47.72
"EXC","2-11-19",47.66,48.07,47.59,47.8
"EXC","2-12-19",47.91,48.105,47.49,47.92
"EXC","2-13-19",47.8,48.02,47.765,47.9
"EXC","2-14-19",47.85,48.08,47.53,47.86
"EXC","2-15-19",48.18,48.26,47.925,48.26
"EXC","2-19-19",48.04,48.205,47.71,48.15
"EXC","2-20-19",48.01,48.34,47.8,48.13
"EXC","2-21-19",47.86,48.62,47.825,48.49
"EXC","2-22-19",48.6,48.91,48.45,48.74
"EXC","2-25-19",48.96,48.97,48.19,48.42
"EXC","2-26-19",48.64,48.75,48.28,48.56
"EXC","2-27-19",48.35,48.79,48.24,48.3
"EXC","2-28-19",48.22,48.79,48.09,48.59
"EXC","3-1-19",48.7,48.825,48.33,48.54
"EXC","3-4-19",48.66,48.81,48.095,48.45
"EXC","3-5-19",48.36,48.56,48.26,48.42
"EXC","3-6-19",48.45,48.6,48.16,48.43
"EXC","3-7-19",48.61,48.95,48.48,48.55
"EXC","3-8-19",48.6,48.82,48.31,48.78
"EXC","3-11-19",48.79,49.14,48.69,49.08
"EXC","3-12-19",49.18,49.56,49.14,49.46
"EXC","3-13-19",49.43,49.7,49.35,49.63
"EXC","3-14-19",49.63,49.99,49.42,49.62
"EXC","3-15-19",49.55,50.195,49.43,50
"EXC","3-18-19",50.01,50.085,49.47,49.67
"EXC","3-19-19",49.63,49.66,48.84,49.08
"EXC","3-20-19",49.23,49.58,48.9,49.1
"EXC","3-21-19",49.1,49.745,48.98,49.66
"EXC","3-22-19",49.72,50.47,49.63,50.28
"EXC","3-25-19",50.31,50.49,50.055,50.38
"EXC","3-26-19",50.56,50.75,50.32,50.68
"EXC","3-27-19",50.71,50.845,50.21,50.53
"EXC","3-28-19",50.58,50.64,49.6,49.76
"EXC","3-29-19",49.71,50.15,49.59,50.13
"EXC","4-1-19",50.34,50.35,49.44,49.84
"EXC","4-2-19",50.32,50.35,49.895,50.29
"EXC","4-3-19",50.25,50.2929,49.81,49.94
"EXC","4-4-19",50.06,50.1,49.49,49.64
"EXC","4-5-19",49.71,49.96,49.515,49.9
"EXC","4-8-19",49.87,49.985,49.44,49.62
"EXC","4-9-19",49.54,49.84,49.35,49.52
"EXC","4-10-19",49.95,50.26,49.52,49.56
"EXC","4-11-19",49.48,49.8,49.38,49.78
"EXC","4-12-19",49.65,49.83,49.195,49.7
"EXC","4-15-19",49.81,50.29,49.71,50.19
"EXC","4-16-19",50.08,50.2,49.1,49.2
"EXC","4-17-19",49.29,49.32,48.79,48.89
"EXC","4-18-19",49,49.62,48.82,49.4
"EXC","4-22-19",49.49,49.735,49.31,49.48
"EXC","4-23-19",49.52,49.97,49.31,49.74
"EXC","4-24-19",49.79,50.34,49.73,50.07
"EXC","4-25-19",49.88,50.665,49.8,50.39
"EXC","4-26-19",50.63,51.03,50.455,50.47
"EXC","4-29-19",50.37,50.45,49.68,50.08
"EXC","4-30-19",50.21,51,49.97,50.95
"EXC","5-1-19",50.76,50.82,50.28,50.29
"EXC","5-2-19",50.67,50.715,49.225,49.73
"EXC","5-3-19",49.75,50.05,49.59,49.88
"EXC","5-6-19",49.93,50.04,49.245,49.39
"EXC","5-7-19",49.32,49.51,48.89,49.08
"EXC","5-8-19",48.95,49.16,48.425,48.58
"EXC","5-9-19",48.68,48.93,48.33,48.76
"EXC","5-10-19",48.78,49.42,48.49,49.33
"EXC","5-13-19",49.21,49.91,49.14,49.82
"EXC","5-14-19",49.38,49.56,48.91,48.97
"EXC","5-15-19",49.01,49.21,48.74,48.77
"EXC","5-16-19",48.81,49.16,48.64,48.91
"EXC","5-17-19",48.52,49.185,48.52,48.98
"EXC","5-20-19",49.1,49.33,48.8,48.93
"EXC","5-21-19",48.98,49.35,48.7941,48.93
"EXC","5-22-19",49.02,49.375,48.81,49.27
"EXC","5-23-19",49.29,49.725,49.2,49.66
"EXC","5-24-19",49.67,50.01,49.515,49.56
"EXC","5-28-19",49.58,49.62,48.665,48.78
"EXC","5-29-19",48.93,48.96,48.1435,48.25
"EXC","5-30-19",48.35,48.5,47.955,48.04
"EXC","5-31-19",48.04,48.29,47.68,48.08
"EXC","6-3-19",48.31,48.61,47.99,48.52
"EXC","6-4-19",48.51,48.775,47.7,48.71
"EXC","6-5-19",48.91,49.97,48.8,49.72
"EXC","6-6-19",49.73,50.355,49.62,50.23
"EXC","6-7-19",50.77,51.18,49.95,49.95
"EXC","6-10-19",49.96,49.96,49.245,49.57
"EXC","6-11-19",49.44,49.69,48.92,49.21
"EXC","6-12-19",49.39,50.49,49.11,50.45
"EXC","6-13-19",50.53,50.67,49.82,50.17
"EXC","6-14-19",50.18,50.95,50.07,50.8
"EXC","6-17-19",50.77,50.86,50.24,50.45
"EXC","6-18-19",50.61,50.69,49.52,49.9
"EXC","6-19-19",49.66,50.175,49.32,50
"EXC","6-20-19",50.12,50.465,49.67,50.24
"EXC","6-21-19",50.17,50.46,49.8,50.4
"EXC","6-24-19",50.24,50.57,49.89,50.16
"EXC","6-25-19",50.02,50.1,49,49.04
"EXC","6-26-19",48.86,48.99,47.76,47.79
"EXC","6-27-19",47.98,48.07,47.38,47.56
"EXC","6-28-19",47.59,48.06,47.5,47.94
"EXC","7-1-19",47.97,48.135,47.5,48.05
"EXC","7-2-19",48.16,48.84,48.12,48.83
"EXC","7-3-19",48.88,49.21,48.705,49.03
"EXC","7-5-19",48.7,49.26,48.19,49.2
"EXC","7-8-19",49.15,49.26,48.58,48.77
"EXC","7-9-19",48.77,49.08,48.42,48.98
"EXC","7-10-19",49.19,49.8,48.98,49.37
"EXC","7-11-19",49.42,49.5674,49,49.54
"EXC","7-12-19",49.62,49.71,49.02,49.06
"EXC","7-15-19",49.01,49.21,48.68,48.88
"EXC","7-16-19",48.81,49.07,48.07,48.4
"EXC","7-17-19",48.65,48.86,48.44,48.6
"EXC","7-18-19",48.72,48.86,48.31,48.76
"EXC","7-19-19",48.62,48.72,47.53,47.57
"EXC","7-22-19",47.69,47.78,47.0684,47.28
"EXC","7-23-19",47.2,47.26,46.225,46.36
"EXC","7-24-19",46.15,46.3,45.11,45.48
"EXC","7-25-19",45.5,46.27,45.195,46.13
"EXC","7-26-19",46.24,46.48,45.81,45.82
"EXC","7-29-19",45.9,46.21,45.46,46.05
"EXC","7-30-19",46.06,46.435,45.865,46.05
"EXC","7-31-19",46.04,46.075,44.9,45.06
"EXC","8-1-19",44.04,45.15,43.691,44.4
"EXC","8-2-19",44.57,45.46,44.5,44.75
"EXC","8-5-19",44.81,45.305,44.31,44.42
"EXC","8-6-19",44.54,45.38,44.22,45.21
"EXC","8-7-19",45.13,45.355,44.33,45.01
"EXC","8-8-19",44.98,45.46,44.73,45.42
"EXC","8-9-19",45.61,45.79,45.13,45.2
"EXC","8-12-19",45.21,45.48,44.83,45.2
"EXC","8-13-19",45.28,45.765,44.77,45.52
"EXC","8-14-19",45.07,45.16,44.25,44.48
"EXC","8-15-19",44.42,44.96,44.32,44.65
"EXC","8-16-19",44.82,45.18,44.6016,45.13
"EXC","8-19-19",45.2,45.45,44.94,45.28
"EXC","8-20-19",45.38,45.39,44.9,45.21
"EXC","8-21-19",45.22,45.59,45.045,45.44
"EXC","8-22-19",45.44,45.685,45.21,45.52
"EXC","8-23-19",45.34,45.63,44.7,44.88
"EXC","8-26-19",45.03,45.69,44.89,45.68
"EXC","8-27-19",46.6,46.995,46.21,46.24
"EXC","8-28-19",46.17,46.52,46.025,46.43
"EXC","8-29-19",46.68,46.775,46.32,46.75
"EXC","8-30-19",46.97,47.465,46.76,47.26
"EXC","9-3-19",47.08,47.95,46.97,47.92
"EXC","9-4-19",48.19,48.24,47.65,48
"EXC","9-5-19",47.79,48.28,47.65,48.12
"EXC","9-6-19",48.57,48.765,47.96,48.12
"EXC","9-9-19",47.92,48.25,47.78,48.03
"EXC","9-10-19",47.93,48.47,47.85,48.35
"EXC","9-11-19",48.26,48.755,47.95,48.73
"EXC","9-12-19",49,49.09,47.87,47.88
"EXC","9-13-19",47.6,47.88,46.64,47.27
"EXC","9-16-19",47.27,47.395,46.97,47.38
"EXC","9-17-19",47.29,47.65,47.07,47.29
"EXC","9-18-19",47.52,48.02,47.48,47.94
"EXC","9-19-19",48.08,48.08,47.62,47.8
"EXC","9-20-19",48.02,48.59,47.96,48.45
"EXC","9-23-19",48.28,48.42,48.07,48.31
"EXC","9-24-19",48.54,49.02,48.47,48.8
"EXC","9-25-19",48.79,49.045,48.48,49.01
"EXC","9-26-19",49.05,49.315,48.77,49.18
"EXC","9-27-19",49.23,49.23,48.28,48.58
"EXC","9-30-19",48.59,48.8,48.22,48.31
"EXC","10-1-19",48.24,48.35,47.81,47.98
"EXC","10-2-19",48.05,48.11,47.53,47.62
"EXC","10-3-19",47.74,47.78,47.345,47.72
"EXC","10-4-19",47.95,48.49,47.655,48.45
"EXC","10-7-19",48.23,48.575,47.98,48.46
"EXC","10-8-19",48.17,48.45,47.75,47.77
"EXC","10-9-19",47.75,48.11,47.6,47.91
"EXC","10-10-19",47.68,47.725,47.09,47.42
"EXC","10-11-19",47.55,47.94,47.435,47.51
"EXC","10-14-19",47.61,47.6591,46.9,47.105
"EXC","10-15-19",47.13,47.37,46.93,47.06
"EXC","10-16-19",46.75,46.75,44.74,44.91
"EXC","10-17-19",44.3,44.38,43.415,44.06
"EXC","10-18-19",44,44.765,43.92,44.665
"EXC","10-21-19",44.78,44.88,44.45,44.71
"EXC","10-22-19",44.97,45.265,44.59,45.25
"EXC","10-23-19",45.51,45.79,45.16,45.65
"EXC","10-24-19",45.56,46.26,45.56,46.18
"EXC","10-25-19",46.12,46.24,45.61,45.89
"EXC","10-28-19",45.83,45.89,45.44,45.6
"EXC","10-29-19",45.58,45.97,45.37,45.86
"EXC","10-30-19",45.82,46.67,45.74,46.66
"EXC","10-31-19",46.5,46.68,45.125,45.49
"EXC","11-1-19",45.44,45.92,45.24,45.34
"EXC","11-4-19",45.45,45.525,44.28,44.5
"EXC","11-5-19",44.48,44.985,44.31,44.78
"EXC","11-6-19",44.82,45.125,44.64,44.82
"EXC","11-7-19",44.61,44.79,44.35,44.7
"EXC","11-8-19",44.57,44.87,44.36,44.71
"EXC","11-11-19",44.67,44.71,43.915,44.02
"EXC","11-12-19",44.02,44.53,43.96,44.32
"EXC","11-13-19",44.4,44.79,44.32,44.5
"EXC","11-14-19",44.12,44.66,44.02,44.63
"EXC","11-15-19",44.8,45.035,44.51,45.02
"EXC","11-18-19",45.18,45.6,44.97,45.41
"EXC","11-19-19",45.51,45.84,45.26,45.37
"EXC","11-20-19",45.2,45.44,44.53,45.36
"EXC","11-21-19",45.2,45.36,44.26,44.39
"EXC","11-22-19",44.57,44.59,44.07,44.43
"EXC","11-25-19",44.43,44.6,44.11,44.17
"EXC","11-26-19",44.1,44.25,43.81,44.01
"EXC","11-27-19",44.1,44.33,43.82,44.27
"EXC","11-29-19",44.33,44.62,44.2,44.4
"EXC","12-2-19",44.3,44.42,43.85,43.91
"EXC","12-3-19",44.18,44.31,43.805,44.26
"EXC","12-4-19",44.09,44.665,44.04,44.54
"EXC","12-5-19",44.65,44.89,44.24,44.86
"EXC","12-6-19",44.84,45.3,44.61,44.86
"EXC","12-9-19",44.91,45.04,44.68,44.93
"EXC","12-10-19",45.05,45.15,44.68,44.72
"EXC","12-11-19",44.49,44.63,44.01,44.195
"EXC","12-12-19",44.25,44.54,43.81,44.1
"EXC","12-13-19",44.1,44.13,43.565,43.82
"EXC","12-16-19",43.99,44.76,43.945,44.7
"EXC","12-17-19",44.92,45.09,44.43,44.98
"EXC","12-18-19",45.15,45.4,44.465,45.37
"EXC","12-19-19",45.26,45.3977,44.4,44.98
"EXC","12-20-19",45.35,45.73,44.98,45.45
"EXC","12-23-19",45.45,45.59,44.84,45.2
"EXC","12-24-19",45.28,45.44,45.09,45.32
"EXC","12-26-19",45.19,45.515,45.135,45.32
"EXC","12-27-19",45.4,45.53,45.15,45.41
"EXC","12-30-19",45.4,45.71,45.24,45.38
"EXC","12-31-19",45.39,45.64,45.18,45.59
"EXC","1-2-20",45.78,45.78,45.25,45.43
"EXC","1-3-20",45.33,45.765,45.32,45.57
"EXC","1-6-20",45.54,45.76,45.39,45.635
"EXC","1-7-20",45.53,45.69,45.12,45.68
"EXC","1-8-20",45.68,46.18,45.625,46.005
"EXC","1-9-20",45.92,46.19,45.58,46.15
"EXC","1-10-20",46.3,46.43,46.115,46.26
"EXC","1-13-20",46.23,46.58,46.12,46.19
"EXC","1-14-20",46.09,46.095,45.57,45.81
"EXC","1-15-20",46.05,46.91,46.01,46.55
"EXC","1-16-20",46.65,47.03,46.55,46.74
"EXC","1-17-20",46.96,47.47,46.73,47.39
"EXC","1-21-20",47.44,47.61,47.23,47.58
"EXC","1-22-20",47.57,47.91,47.5,47.66
"EXC","1-23-20",47.67,48,47.44,47.95
"EXC","1-24-20",47.85,48.17,47.55,47.73
"EXC","1-27-20",47.76,48.17,47.19,47.27
"EXC","1-28-20",47.26,47.91,47.23,47.73
"EXC","1-29-20",47.66,48.275,47.58,47.81
"EXC","1-30-20",47.62,48.15,47.4,48.06
"EXC","1-31-20",48,48.16,47.25,47.59
"EXC","2-3-20",47.68,48.3,47.6,48.2
"EXC","2-4-20",48.11,48.51,47.89,48.09
"EXC","2-5-20",48.01,48.44,47.82,48.33
"EXC","2-6-20",48.35,48.57,48.2,48.26
"EXC","2-7-20",48.37,48.58,48.15,48.19
"EXC","2-10-20",48.29,48.36,48.055,48.31
"EXC","2-11-20",48.31,49.465,48.31,49.34
"EXC","2-12-20",49.44,49.62,49.01,49.26
"EXC","2-13-20",49.45,49.695,49.205,49.57
"EXC","2-14-20",49.6,49.78,49.33,49.76
"EXC","2-18-20",49.92,50.54,49.65,50.38
"EXC","2-19-20",49.83,50.0392,49.395,49.6
"EXC","2-20-20",49.48,49.93,49.42,49.85
"EXC","2-21-20",49.84,50.044,49.65,49.72
"EXC","2-24-20",50.05,50.47,48.8,48.82
"EXC","2-25-20",48.77,48.875,47.51,47.63
"EXC","2-26-20",48.19,48.3,47.03,47.05
"EXC","2-27-20",47.11,47.14,45.12,45.14
"EXC","2-28-20",44.34,44.36,42.32,43.11
"EXC","3-2-20",43.19,45.44,42.9,45.43
"EXC","3-3-20",45.08,46.58,44.04,44.19
"EXC","3-4-20",44.61,46.865,44.51,46.82
"EXC","3-5-20",45.75,46.39,45.29,46.13
"EXC","3-6-20",44.01,45.37,43.56,45.17
"EXC","3-9-20",42.99,44.61,41.13,41.91
"EXC","3-10-20",42.68,43.68,40.88,43.12
"EXC","3-11-20",42.08,42.08,39.37,39.81
"EXC","3-12-20",37.5,38.23,34.425,35.27
"EXC","3-13-20",36.15,37.9969,34.1,36.36
"EXC","3-16-20",33.17,35.59,29.78,30.51
"EXC","3-17-20",31.28,36.25,29.42,36
"EXC","3-18-20",33.85,34.73,30.92,33.04
"EXC","3-19-20",32.98,34.34,30.51,32.41
"EXC","3-20-20",32.67,33.48,30.82,31
"EXC","3-23-20",31.45,31.94,29.28,29.98
"EXC","3-24-20",31.46,34.57,31.36,34.51
"EXC","3-25-20",34.03,36.31,33.2,34.55
"EXC","3-26-20",34.57,36.99,34.26,36.59
"EXC","3-27-20",35,36.865,34.68,35.5
"EXC","3-30-20",35.69,37.48,35.5,37.23
"EXC","3-31-20",36.8,37.961,36.23,36.81
"EXC","4-1-20",35.2,35.78,32.94,33.48
"EXC","4-2-20",33.38,35.29,32.96,34.68
"EXC","4-3-20",34.19,34.45,32.39,32.75
"EXC","4-6-20",34.12,36.6,34.07,36.32
"EXC","4-7-20",37.56,37.89,35.65,35.79
"EXC","4-8-20",35.8,37.93,35.58,37.59
"EXC","4-9-20",37.97,39.83,37.97,39.15
"EXC","4-13-20",39.67,39.67,37.2,37.75
"EXC","4-14-20",38.86,39.14,38.11,39.07
"EXC","4-15-20",38.17,38.29,36.8,37.03
"EXC","4-16-20",37.15,37.62,36.415,37.1
"EXC","4-17-20",38.02,38.56,37.405,38.44
"EXC","4-20-20",37.66,37.85,37.02,37.07
"EXC","4-21-20",36.34,36.71,35.22,35.68
"EXC","4-22-20",36.68,37.6,36.015,37.2
"EXC","4-23-20",37.01,37.62,35.95,36.32
"EXC","4-24-20",36.6,36.9,35.87,36.6
"EXC","4-27-20",36.98,37.96,36.84,37.825
"EXC","4-28-20",38.0756,39.025,37.57,37.84
"EXC","4-29-20",38.75,39.045,38.02,38.32
"EXC","4-30-20",37.95,38.86,36.675,37.08
"EXC","5-1-20",36.5431,36.85,35.49,35.8
"EXC","5-4-20",35.81,35.85,34.86,35.45
"EXC","5-5-20",35.7,36.51,35.67,35.87
"EXC","5-6-20",36,36.06,34.44,34.475
"EXC","5-7-20",34.88,35.42,34.73,35.04
"EXC","5-8-20",35.29,37.48,35.18,37.43
"EXC","5-11-20",36.71,37.62,36.24,37.28
"EXC","5-12-20",36.95,37.56,36.73,36.83
"EXC","5-13-20",36.49,36.69,35.095,35.68
"EXC","5-14-20",35.29,36.35,34.67,36.1
"EXC","5-15-20",35.61,35.895,34.605,35.29
"EXC","5-18-20",36.32,37.84,36.02,37.54
"EXC","5-19-20",37.1,37.35,36.68,36.71
"EXC","5-20-20",36.88,37.47,36.85,36.97
"EXC","5-21-20",36.79,37.15,36.39,36.44
"EXC","5-22-20",36.36,36.88,36.275,36.85
"EXC","5-26-20",37.8,38.135,37.3,37.6
"EXC","5-27-20",38.2,38.53,37.38,37.94
"EXC","5-28-20",38.4,38.71,37.85,38.26
"EXC","5-29-20",38.37,38.64,37.55,38.31
"EXC","6-1-20",38.32,38.96,38.18,38.84
"EXC","6-2-20",38.93,39.06,38.365,38.93
"EXC","6-3-20",39.27,40.05,39.15,39.91
"EXC","6-4-20",39.87,39.89,38.63,38.98
"EXC","6-5-20",39.91,41.1694,39.51,40.36
"EXC","6-8-20",40.67,41.955,40.32,41.86
"EXC","6-9-20",41.16,41.34,40.28,40.51
"EXC","6-10-20",40.93,41,39.705,40
"EXC","6-11-20",39.42,39.54,37.72,38.05
"EXC","6-12-20",38.67,38.84,37.43,37.91
"EXC","6-15-20",36.97,38.465,36.58,38.31
"EXC","6-16-20",39.27,39.75,38.22,38.59
"EXC","6-17-20",38.68,38.77,37.92,38.45
"EXC","6-18-20",38.14,38.275,37.81,38.2
"EXC","6-19-20",38.51,38.81,37.43,37.53
"EXC","6-22-20",37.33,37.84,37.05,37.57
"EXC","6-23-20",37.99,38.01,37.19,37.25
"EXC","6-24-20",36.81,37.17,36.245,36.47
"EXC","6-25-20",36.37,36.37,35.0299,35.42
"EXC","6-26-20",35.44,35.59,34.49,34.71
"EXC","6-29-20",35.11,36,34.785,35.99
"EXC","6-30-20",35.6977,36.56,35.591,36.29
"EXC","7-1-20",36.15,37.49,36.04,37.36
"EXC","7-2-20",37.527,38.04,37.365,37.48
"EXC","7-6-20",37.78,38.14,37.03,37.4
"EXC","7-7-20",36.92,37.08,36.515,37
"EXC","7-8-20",37.035,37.265,36.5201,37.15
"EXC","7-9-20",36.91,37.03,35.89,36.62
"EXC","7-10-20",36.72,37.52,36.511,37.39
"EXC","7-13-20",37.35,37.73,37.1,37.47
"EXC","7-14-20",37.22,38.07,37.22,37.87
"EXC","7-15-20",38.11,38.59,37.91,38.05
"EXC","7-16-20",38.09,38.4101,37.82,38.06
"EXC","7-17-20",38.65,39.52,38.4,39.395
"EXC","7-20-20",39.08,39.25,38.115,38.32
"EXC","7-21-20",38.46,38.92,38.14,38.73
"EXC","7-22-20",38.2467,39.03,37.833,38.985
"EXC","7-23-20",39.05,39.3,38.42,38.64
"EXC","7-24-20",38.48,38.93,37.505,37.8
"EXC","7-27-20",37.83,38,37.0377,37.58
"EXC","7-28-20",37.48,38.59,37.41,37.97
"EXC","7-29-20",38.02,38.57,37.8,38.56
"EXC","7-30-20",38.05,38.495,37.56,38.47
"EXC","7-31-20",38.31,38.63,37.95,38.61
"EXC","8-3-20",38.38,38.45,37.7,37.99
"EXC","8-4-20",37.56,38.93,37.34,38.75
"EXC","8-5-20",38.6878,38.92,37.51,37.72
"EXC","8-6-20",37.65,37.95,37.35,37.9
"EXC","8-7-20",37.9,39.055,37.74,38.93
"EXC","8-10-20",38.94,39.29,37.95,38.31
"EXC","8-11-20",38.54,38.75,37.72,37.9
"EXC","8-12-20",38,38.93,37.91,38.71
"EXC","8-13-20",38.17,38.27,37.73,37.94
"EXC","8-14-20",37.75,38.02,37.55,37.93
"EXC","8-17-20",37.59,37.72,37.15,37.34
"EXC","8-18-20",37.4168,37.6101,36.89,37.07
"EXC","8-19-20",37.17,37.4,36.89,37.02
"EXC","8-20-20",37.2,37.24,36.28,36.31
"EXC","8-21-20",36.45,36.585,35.97,36.52
"EXC","8-24-20",36.81,37.74,36.54,37.69
"EXC","8-25-20",37.78,37.8,36.85,37.13
"EXC","8-26-20",37.01,37.3,36.55,37.275
"EXC","8-27-20",37.15,37.5666,36.68,36.89
"EXC","8-28-20",36.899,37.06,36.645,37.04
"EXC","8-31-20",36.75,37.31,36.75,36.91
"EXC","9-1-20",36.7,36.75,36.12,36.33
"EXC","9-2-20",36.77,38.23,36.25,38.03
"EXC","9-3-20",38.04,38.35,36.84,37.29
"EXC","9-4-20",37.5253,37.7,36.64,37.09
"EXC","9-8-20",36.77,37.09,36.07,36.42
"EXC","9-9-20",36.8,37.105,36.54,36.67
"EXC","9-10-20",36.67,36.67,35.72,35.84
"EXC","9-11-20",36,36.05,35.62,35.83
"EXC","9-14-20",35.7045,36.49,35.64,36.26
"EXC","9-15-20",36.42,36.86,35.99,36.165
"EXC","9-16-20",36.085,36.78,35.91,36.26
"EXC","9-17-20",35.97,36,35.43,35.93
"EXC","9-18-20",35.96,36.01,34.84,35.07
"EXC","9-21-20",34.64,34.785,34.01,34.75
"EXC","9-22-20",34.91,35.385,34.81,35.21
"EXC","9-23-20",35.1766,35.39,34.4,34.48
"EXC","9-24-20",34.31,35.145,33.965,34.81
"EXC","9-25-20",34.68,35.64,34.44,35.52
"EXC","9-28-20",35.82,36.23,35.64,35.74
"EXC","9-29-20",35.84,35.94,35.15,35.32
"EXC","9-30-20",35.65,36.11,35.51,35.76
"EXC","10-1-20",35.91,36.15,35.54,35.83
"EXC","10-2-20",35.5517,36.195,35.22,35.94
"EXC","10-5-20",36.05,36.89,35.73,36.79
"EXC","10-6-20",36.7,37.83,36.69,37.17
"EXC","10-7-20",37.38,37.95,37.26,37.85
"EXC","10-8-20",37.436,39.36,37.436,39.32
"EXC","10-9-20",40.49,40.62,38.92,39.2
"EXC","10-12-20",39.21,40.295,39.09,39.98
"EXC","10-13-20",40.9,41.1197,39.92,40.98
"EXC","10-14-20",41.3268,41.75,40.98,41.03
"EXC","10-15-20",40.44,41.48,40.315,41.4
"EXC","10-16-20",41.4,42.17,41.17,42.09
"EXC","10-19-20",41.87,42.285,41.8,41.86
"EXC","10-20-20",42.21,42.66,42.04,42.4
"EXC","10-21-20",42.29,42.77,42.12,42.14
"EXC","10-22-20",42.08,42.29,41.575,42.23
"EXC","10-23-20",42.5801,42.65,41.95,42.2
"EXC","10-26-20",41.41,41.765,41.04,41.7
"EXC","10-27-20",41.62,42.005,41.14,41.15
"EXC","10-28-20",40.37,40.83,39.425,39.57
"EXC","10-29-20",39.18,40.565,38.8,40.16
"EXC","10-30-20",39.7215,40.25,39.46,39.89
"EXC","11-2-20",40.51,40.975,39.94,40.96
"EXC","11-3-20",42.72,42.99,41.62,42.47
"EXC","11-4-20",42.69,42.94,41.65,42.22
"EXC","11-5-20",42.46,43.36,42.31,43.07
"EXC","11-6-20",42.94,43.17,42.61,42.84
"EXC","11-9-20",44.41,46.02,43.11,43.32
"EXC","11-10-20",43.27,43.67,42.92,42.99
"EXC","11-11-20",43.2,43.85,42.88,43.835
"EXC","11-12-20",43.45,43.63,42.385,42.7
"EXC","11-13-20",42.7,42.95,42.51,42.89
"EXC","11-16-20",43.21,43.51,42.63,43.34
"EXC","11-17-20",42.88,43.54,42.81,43.07
"EXC","11-18-20",43.19,43.38,42.68,42.7
"EXC","11-19-20",42.47,42.58,41.78,42.35
"EXC","11-20-20",42.24,42.56,41.78,41.87
"EXC","11-23-20",42.29,42.3,41.395,41.57
"EXC","11-24-20",42.06,42.81,41.87,42.75
"EXC","11-25-20",42.46,42.56,41.78,42.22
"EXC","11-27-20",42.24,42.31,41.585,41.74
"EXC","11-30-20",41.4826,41.52,40.92,41.07
"EXC","12-1-20",41.32,41.88,41.1,41.25
"EXC","12-2-20",41.12,41.61,40.72,41.57
"EXC","12-3-20",41.3,41.65,40.8,41.05
"EXC","12-4-20",41.3,41.34,40.53,40.93
"EXC","12-7-20",40.7,41.445,40.66,41.195
"EXC","12-8-20",41.17,41.39,40.61,41.32
"EXC","12-9-20",41.28,41.47,40.97,41.09
"EXC","12-10-20",41.26,41.38,40.551,41.2
"EXC","12-11-20",40.83,41.29,40.705,41.19
"EXC","12-14-20",41.48,42.09,41.03,41.06
"EXC","12-15-20",41.44,42.83,41.275,42.72
"EXC","12-16-20",42.8,43.11,42.18,42.44
"EXC","12-17-20",42.61,43.115,42.605,42.65
"EXC","12-18-20",42.69,43.03,42.34,42.57
"EXC","12-21-20",42.21,42.21,41.11,41.51
"EXC","12-22-20",41.59,41.965,41.48,41.76
"EXC","12-23-20",41.93,42.43,41.65,41.71
"EXC","12-24-20",41.95,41.95,41.41,41.83
"EXC","12-28-20",42.16,42.63,41.985,42.21
"EXC","12-29-20",42.22,42.44,41.67,41.83
"EXC","12-30-20",41.78,42.25,41.72,41.93
"EXC","12-31-20",41.9474,42.28,41.705,42.22
"EXC","1-4-21",42.42,42.54,40.845,41.17
"EXC","1-5-21",41.21,41.47,40.84,41.11
"EXC","1-6-21",41.4,42.81,41.32,42.45
"EXC","1-7-21",42.45,42.56,41.73,42.03
"EXC","1-8-21",42.01,42.41,41.901,42.21
"EXC","1-11-21",42.25,42.56,41.61,41.86
"EXC","1-12-21",41.77,42.18,41.41,42.08
"EXC","1-13-21",42.01,42.95,41.946,42.8
"EXC","1-14-21",42.79,43.01,42.3298,42.58
"EXC","1-15-21",42.3333,43.48,42.135,43.36
"EXC","1-19-21",43.51,43.6425,42.82,42.82
"EXC","1-20-21",42.66,43.115,42.435,43.05
"EXC","1-21-21",42.8,43.28,42.49,43.02
"EXC","1-22-21",42.82,42.9456,42.38,42.54
"EXC","1-25-21",42.41,43.4,42.0802,43.35
"EXC","1-26-21",43.28,43.28,42.45,42.85
"EXC","1-27-21",42.55,42.83,40.935,41.02
"EXC","1-28-21",41.17,42.84,41,42.04
"EXC","1-29-21",41.61,41.99,41,41.56
"EXC","2-1-21",41.87,42.32,41.2232,42.08
"EXC","2-2-21",42.47,43.435,42.08,42.85
"EXC","2-3-21",42.85,42.92,42.18,42.48
"EXC","2-4-21",42.5,43.68,42.38,43.67
"EXC","2-5-21",43.97,44.04,43.29,43.68
"EXC","2-8-21",43.76,43.97,43.505,43.74
"EXC","2-9-21",43.93,44,43.31,43.57
"EXC","2-10-21",43.83,43.88,43.05,43.32
"EXC","2-11-21",43.45,43.45,42.655,42.74
"EXC","2-12-21",42.62,42.97,42.01,42.21
"EXC","2-16-21",42.15,42.39,41.88,41.98
"EXC","2-17-21",41.93,42.295,41.52,42.17
"EXC","2-18-21",42.14,42.985,42.06,42.7
"EXC","2-19-21",42.01,42.3,41.19,41.38
"EXC","2-22-21",41.185,41.21,40.17,40.6
"EXC","2-23-21",40.85,41.04,40.3302,40.8
"EXC","2-24-21",40.03,41.26,40,40.19
"EXC","2-25-21",39.91,40,38.355,38.92
"EXC","2-26-21",39.05,39.48,38.57,38.6
"EXC","3-1-21",39.04,39.88,39,39.31
"EXC","3-2-21",39.29,39.7,39.27,39.31
"EXC","3-3-21",39.11,39.74,38.85,39.53
"EXC","3-4-21",39.7401,40.53,39.33,39.77
"EXC","3-5-21",39.53,39.775,39.13,39.64
"EXC","3-8-21",39.59,41.17,39.45,40.69
"EXC","3-9-21",41.02,41.71,40.54,41.53
"EXC","3-10-21",41.68,42.08,41.27,41.86
"EXC","3-11-21",41.79,42.7,41.69,42.03
"EXC","3-12-21",42.3625,42.67,42.04,42.59
"EXC","3-15-21",42.87,43.39,42.645,43.36
"EXC","3-16-21",43.1,43.52,42.85,43.36
"EXC","3-17-21",43.49,43.49,42.75,42.97
"EXC","3-18-21",42.72,43.29,42.52,42.7
"EXC","3-19-21",42.85,43.24,42.19,42.97
"EXC","3-22-21",42.75,42.9871,42.49,42.79
"EXC","3-23-21",42.8845,43.14,42.525,42.8
"EXC","3-24-21",42.69,43.44,42.63,42.93
"EXC","3-25-21",43.3,43.58,42.82,43.37
"EXC","3-26-21",43.49,43.65,43.02,43.53
"EXC","3-29-21",43.25,43.98,43.25,43.75
"EXC","3-30-21",43.53,43.65,43.09,43.5
"EXC","3-31-21",43.36,43.89,43.3,43.74
"EXC","4-1-21",43.71,43.9799,43.51,43.91
"EXC","4-5-21",44.01,44.745,43.95,44.48
"EXC","4-6-21",44.36,44.715,44.18,44.56
"EXC","4-7-21",44.68,45.07,44.6,44.95
"EXC","4-8-21",45.06,45.28,44.87,44.9
"EXC","4-9-21",44.87,45.12,44.715,44.83
"EXC","4-12-21",45,45.2,44.62,44.74
"EXC","4-13-21",44.6,45.32,44.5,45.17
"EXC","4-14-21",45.23,45.46,45.04,45.45
"EXC","4-15-21",45.42,45.845,45.27,45.77
"EXC","4-16-21",46.02,46.365,45.8,46.16
"EXC","4-19-21",46.21,46.28,45.42,45.5
"EXC","4-20-21",45.41,45.92,45.41,45.8
"EXC","4-21-21",45.78,46,45.5,45.68
"EXC","4-22-21",45.72,45.74,45.015,45.08
"EXC","4-23-21",45.14,45.29,44.875,44.91
"EXC","4-26-21",44.9,44.9924,44.57,44.65
"EXC","4-27-21",44.66,44.75,44.39,44.54
"EXC","4-28-21",44.43,44.6599,44.23,44.61
"EXC","4-29-21",44.38,45.1,44.38,44.89
"EXC","4-30-21",44.89,44.98,44.63,44.94
"EXC","5-3-21",45.24,45.45,44.785,44.89
"EXC","5-4-21",44.87,44.971,44.49,44.78
"EXC","5-5-21",44.26,44.85,43,43.53
"EXC","5-6-21",43.51,44.52,43.14,44.48
"EXC","5-7-21",44.59,45.15,44.42,44.68
"EXC","5-10-21",44.85,45.175,44.48,44.52
"EXC","5-11-21",44.65,44.78,43.83,44.44
"EXC","5-12-21",44.14,44.59,42.945,43.105
"EXC","5-13-21",42.91,44.52,42.8,44.41
"EXC","5-14-21",44.55,45.14,44.45,45.09
"EXC","5-17-21",44.99,45.25,44.69,45.09
"EXC","5-18-21",45,45.725,44.892,45.65
"EXC","5-19-21",45.51,46.14,45.06,45.54
"EXC","5-20-21",45.54,46.03,45.45,45.74
"EXC","5-21-21",45.93,46.14,45.47,45.84
"EXC","5-24-21",46.01,46.27,45.705,46.03
"EXC","5-25-21",46.12,46.12,44.81,44.91
"EXC","5-26-21",44.905,45.41,44.87,45.17
"EXC","5-27-21",45.47,45.47,44.55,44.6
"EXC","5-28-21",44.89,45.27,44.75,45.12
"EXC","6-1-21",44.985,45.255,44.83,45.14
"EXC","6-2-21",45.26,45.52,45,45.2
"EXC","6-3-21",43.8735,45.9,43.75,45.77
"EXC","6-4-21",45.67,45.89,45.46,45.6
"EXC","6-7-21",45.67,45.92,45.58,45.86
"EXC","6-8-21",45.895,45.97,45.63,45.75
"EXC","6-9-21",45.98,46.45,45.73,46.36
"EXC","6-10-21",46.71,46.96,46.38,46.71
"EXC","6-11-21",46.66,46.92,46.455,46.91
"EXC","6-14-21",46.98,47.13,46.52,47.11
"EXC","6-15-21",47.2,47.24,46.92,47.11
"EXC","6-16-21",47.03,47.3649,45.94,46.2
"EXC","6-17-21",46.24,46.6,45.99,46
"EXC","6-18-21",45.85,45.89,44.49,44.55
"EXC","6-21-21",44.57,44.935,44.5,44.71
"EXC","6-22-21",44.61,44.72,44.28,44.33
"EXC","6-23-21",44.28,44.32,43.82,44.15
"EXC","6-24-21",44.21,44.45,44.04,44.24
"EXC","6-25-21",44.12,44.715,44.11,44.63
"EXC","6-28-21",44.77,45.025,44.61,44.87
"EXC","6-29-21",44.82,45.41,44.375,44.56
"EXC","6-30-21",44.57,44.72,44.18,44.31
"EXC","7-1-21",44.45,45.09,44.26,44.98
"EXC","7-2-21",45.05,45.19,44.8,45.13
"EXC","7-6-21",44.91,45.02,44.24,44.88
"EXC","7-7-21",44.94,45.19,44.6,45.13
"EXC","7-8-21",44.89,45.18,44.68,44.93
"EXC","7-9-21",44.84,45.11,44.55,44.91
"EXC","7-12-21",44.89,45.3,44.68,45.28
"EXC","7-13-21",45.18,45.3,44.62,44.79
"EXC","7-14-21",44.95,45.49,44.65,45.14
"EXC","7-15-21",44.94,45.79,44.9,45.73
"EXC","7-16-21",45.77,46.3,45.72,45.99
"EXC","7-19-21",45.94,46.06,44.74,45.32
"EXC","7-20-21",45.56,46.42,45.3,46.06
"EXC","7-21-21",45.9375,46.28,45.79,45.84
"EXC","7-22-21",45.89,46.109,45.8,46.01
"EXC","7-23-21",46.21,46.65,46.09,46.52
"EXC","7-26-21",46.5,46.89,46.1472,46.41
"EXC","7-27-21",46.23,47.36,46.11,47.24
"EXC","7-28-21",47.11,47.39,46.6,46.98
"EXC","7-29-21",47.17,47.49,47.08,47.32
"EXC","7-30-21",47.24,47.62,46.72,46.8
"EXC","8-2-21",47.07,47.4,46.7957,47.03
"EXC","8-3-21",47.45,47.57,47.04,47.38
"EXC","8-4-21",47.2,47.37,46.42,46.77
"EXC","8-5-21",46.83,47.77,46.805,47.67
"EXC","8-6-21",47.57,47.8763,47.31,47.6
"EXC","8-9-21",47.51,47.6,47.1,47.43
"EXC","8-10-21",47.45,47.82,47.22,47.57
"EXC","8-11-21",47.75,48.26,47.67,48.2
"EXC","8-12-21",48.06,48.17,47.755,48.03
"EXC","8-13-21",48.22,48.4,48.035,48.35
"EXC","8-16-21",48.5,49.1,48.41,48.58
"EXC","8-17-21",48.36,48.405,47.74,48.36
"EXC","8-18-21",48.31,48.44,47.96,48.22
"EXC","8-19-21",48.32,49.1,48.28,48.79
"EXC","8-20-21",48.73,49.415,48.46,49.36
"EXC","8-23-21",49.17,49.45,48.8245,49.06
"EXC","8-24-21",49.12,49.12,48.51,48.91
"EXC","8-25-21",48.85,49.06,48.7,48.89
"EXC","8-26-21",48.99,49,48.685,48.78
"EXC","8-27-21",48.87,49.405,48.87,49.09
"EXC","8-30-21",49.03,49.42,48.92,49.25
"EXC","8-31-21",49.1,49.19,48.78,49.02
"EXC","9-1-21",49.11,49.675,48.93,49.6
"EXC","9-2-21",49.63,50.34,49.56,50.1
"EXC","9-3-21",49.77,50.2,49.475,49.82
"EXC","9-7-21",49.7,49.91,49.38,49.51
"EXC","9-8-21",49.52,50.615,49.3215,50.36
"EXC","9-9-21",50.14,50.62,49.98,50.23
"EXC","9-10-21",50.37,50.54,49.87,49.91
"EXC","9-13-21",50.42,50.985,50.205,50.56
"EXC","9-14-21",50.98,50.98,50.21,50.38
"EXC","9-15-21",50.38,50.94,50.045,50.85
"EXC","9-16-21",50.68,50.73,50.13,50.18
